1994 1975 2418
1996 1970 2418
1999 1969 2420
1996 1966 2425
1998 1981 2415
1999 1971 2425
1996 1971 2418
1999 1963 2436
2089 1987 2428
2010 1973 2417
1949 1979 2407
2043 1953 2577
1850 1993 2500
1819 1999 2188
2385 1983 2431
1680 1968 2701
1762 1951 2242
2409 1971 2413
1648 1946 2556
1956 2008 2383
2070 2053 2490
1926 1675 2114
2065 2005 2342
2010 2285 2580
1915 1677 2333
2115 1993 2296
1926 2357 2539
1892 1671 2286
2119 1749 2360
1883 2265 2482
1931 1927 2498
2028 1933 2343
2430 1912 2499
1317 1973 2339
2619 1860 2511
1861 1969 2239
1770 1943 2505
2533 1935 2370
1426 1961 2556
2482 1955 2411
1773 1917 2350
1897 1911 2450
2129 2085 2319
2004 2123 2517
1837 1634 2569
1980 2050 2198
2000 2217 2567
1973 1753 2137
2103 1781 2331
1910 2274 2483
2007 1849 2451
2107 1695 2486
1974 2095 2376
1961 1973 2506
1969 1959 2385
2015 1968 2479
1838 1924 2248
2344 1974 2372
1787 1993 2579
1973 1879 2169
2425 1999 2258
1775 1930 2969
1731 1921 2378
2162 1971 2135
2079 1911 2753
1858 1931 2418
1964 1955 2129
2315 1966 2592
1699 1951 2583
2108 1951 2123
2185 1961 2446
1911 1986 2485
1941 2001 2396
2275 1959 2493
1605 1960 2301
2197 1789 2331
2319 2069 2536
1563 2018 2623
2336 1668 2404
2308 2058 2387
1687 1938 2809
2043 1922 1867
2023 2005 2367
2058 1883 2746
1547 2071 1750
2237 1882 2765
1929 1984 2419
1757 1934 2343
2290 1928 2706
1663 2021 1720
2331 1879 2930
1468 1982 2380
2393 1891 2332
2047 1995 2446
1655 1945 2546
2312 1959 1959
1968 2297 1941
2003 1954 2309
1916 1999 2156
2116 1951 2814
1967 2010 2154
2098 1947 2580
1979 1991 2361
1978 2008 2301
1971 2002 2387
2000 1971 2416
1972 1973 2429
2004 1971 2411
2007 1974 2410

